<?xml version="1.0" encoding="utf-8"?>
<!-- Generator: Adobe Illustrator 25.2.3, SVG Export Plug-In . SVG Version: 6.00 Build 0)  -->
<svg version="1.1" id="Capa_1" xmlns="http://www.w3.org/2000/svg" xmlns:xlink="http://www.w3.org/1999/xlink" x="0px" y="0px"
	 viewBox="0 0 3840 2160" style="enable-background:new 0 0 3840 2160;" xml:space="preserve">
<style type="text/css">
	.st0{fill:#F1F1F1;}
	.st1{font-family:'Roboto-Bold','Roboto';font-weight: 700;}
	.st2{font-size:30px;}
</style>
<polygon id="vesubio" points="1154.3,1139.2 1154.3,1136.3 1150.4,1136.3 1150.4,871.6 1153,871.6 1153,870.2 1202.4,870.2 
	1202.4,866 1205.1,866 1205.1,646.3 1202.4,646.3 1202.4,617.8 1215.2,617.8 1215.2,518.6 1145.3,518.6 1145.3,489.9 1150,489.9 
	1150,332.1 1561.6,332.1 1561.6,304.7 1788.5,304.7 1788.5,311.7 1790.8,311.7 1790.8,557.2 1971.8,557.2 1971.8,627.4 2016,627.4 
	2016,625.2 2085.1,625.2 2085.1,616.8 2091.3,616.8 2091.3,561.1 2346.6,561.1 2346.6,557.2 2433.4,557.2 2433.4,596.7 
	2532.2,596.7 2532.2,599.7 2593.7,599.7 2593.7,618.6 2625.2,618.6 2625.2,619.8 2689.1,619.8 2689.1,869.2 2691,869.2 2691,892.1 
	2625,892.1 2625,1116.8 2591.5,1116.8 2591.5,1123.4 2473.5,1123.4 2473.5,1113.3 2284,1112.9 2284.1,1122.3 2115.4,1122.6 
	2115.4,1117.5 2006.8,1117.5 2006.8,989.8 1743.4,989.8 1743.4,1117.3 1624.8,1117.3 1624.8,1127 1236.3,1127 1236.3,1117.3 
	1204.6,1117.3 1204.6,1139.2 "/>
<polygon id="lumina" points="1745.1,1385.5 1713.9,1385.5 1713.9,1129.3 1236.7,1129.3 1236.7,1138.5 1214.9,1138.5 1214.9,1362.5 
	1203.4,1362.5 1203.4,1389.8 1214.2,1389.8 1214.2,1644.3 1221.7,1644.3 1221.7,1720.8 1203.9,1720.8 1203.9,1748.2 1235.3,1748.2 
	1235.3,1768.4 1264.1,1768.4 1264.1,1764.6 1398.8,1764.6 1398.8,1760.4 1411.4,1760.4 1411.4,1748 1430.5,1748 1430.5,1742.7 
	1704.5,1742.7 1704.5,1748.4 1743,1748.4 1743,1745.4 1839.1,1745.4 1839.1,1806 1843.5,1806 1843.5,1813.4 2095.6,1813.4 
	2095.6,1838.9 2136.4,1838.9 2136.4,1836.3 2622.5,1836.3 2622.5,1748.2 2625.4,1748.2 2625.4,1745.7 2688.6,1745.7 2688.6,1610.8 
	2681.5,1610.8 2681.5,1597.2 2622.4,1597.2 2622.4,1390.3 2625.2,1390.3 2625.2,1383.2 2688.6,1383.2 2688.6,1178.8 2692.2,1178.8 
	2692.2,1169.4 2690.6,1169.4 2690.6,1124.3 2692.2,1124.3 2692.2,1121.3 2689.5,1121.3 2689.5,1117.5 2622.8,1117.5 2622.8,1139.2 
	2592.4,1139.2 2592.4,1126 2115.8,1126 2115.8,1386.1 2006.4,1386.1 2006.4,1481.3 1817,1481.3 1817,1478.2 1773.9,1478.2 
	1773.9,1482.8 1745.1,1482.8 "/>
<g id="vesubio-capsula">
	<path class="st0" d="M2355.1,804.5h-178.9c-13.4,0-24.2-10.8-24.2-24.2v0c0-13.4,10.8-24.2,24.2-24.2h178.9
		c13.4,0,24.2,10.8,24.2,24.2v0C2379.3,793.7,2368.5,804.5,2355.1,804.5z"/>
	<circle id="vesubio-marker" cx="2176.2" cy="780.3" r="17"/>
	<text transform="matrix(1 0 0 1 2207.969 791.2693)" class="st1 st2">9-VESUBIO</text>
</g>
<g id="lumina-capsula">
	<path class="st0" d="M1620.7,1556.6h-168.4c-13.4,0-24.2-10.8-24.2-24.2l0,0c0-13.4,10.8-24.2,24.2-24.2h168.4
		c13.4,0,24.2,10.8,24.2,24.2l0,0C1644.9,1545.8,1634.1,1556.6,1620.7,1556.6z"/>
	<circle id="lumina-marker" cx="1452.3" cy="1532.4" r="17"/>
	<text transform="matrix(1 0 0 1 1484.0814 1543.3483)" class="st1 st2">9-LUMINA</text>
</g>
</svg>
