<?xml version="1.0" encoding="utf-8"?>
<!-- Generator: Adobe Illustrator 25.2.3, SVG Export Plug-In . SVG Version: 6.00 Build 0)  -->
<svg version="1.1" id="Capa_1" xmlns="http://www.w3.org/2000/svg" xmlns:xlink="http://www.w3.org/1999/xlink" x="0px" y="0px"
	 viewBox="0 0 3000 1688" style="enable-background:new 0 0 3000 1688;" xml:space="preserve">
<style type="text/css">
	.st0{opacity:0.5;enable-background:new    ;}
</style>
<polygon id="torre1__9__lumina" class="st0" points="1173.6,742.7 1173.6,776.7 1192.2,786.2 1192.2,794.8 1242,816.3 1293.9,799.3 
	1300.9,802 1368,779.2 1368,770.5 1381.3,765.2 1392.5,769.8 1428.2,758.1 1470.3,775.4 1515.1,759.5 1515.1,753.9 1580.7,732 
	1579.9,730.4 1580.1,699.9 1466.7,740.2 1421.1,722.5 1391.7,732.6 1382.8,729.5 1366.7,734.9 1371.8,737.9 1371.8,741.2 
	1301.9,766.1 1293.2,761.5 1273.5,768.5 1270.2,766.9 1236,778.5 1191.2,759.2 1191.2,754.4 1197.2,753.2 "/>
<polyline id="torre1__9__lumina-marker" points="1195,760.8 1213.4,768.8 1215,800.3 1196.6,792.6 1195,760.8 "/>
<polygon id="torre1__9__vesubio" class="st0" points="1067.1,699.9 1068.1,732.8 1087.1,742 1096.3,739.4 1124.8,752.4 
	1124.8,756.5 1123.7,757.1 1123.7,758.9 1164.6,777.8 1172.7,775.2 1172.7,742.2 1168.3,739.8 1156.3,743.6 1079.8,710 
	1079.8,705.5 "/>
<polygon id="torre1__9__vesubio-marker" points="1141.6,737.2 1155,743 1156.4,769.3 1142.9,763.1 "/>
<polygon id="torre1__8__8riolita" class="st0" points="1579.9,732.6 1579.7,766.8 1513.6,791.4 1513.7,760.4 1515.3,759.8 
	1515.4,754.1 "/>
<polygon id="torre1__8__8riolita-marker" points="1564.4,772.5 1564.6,737.4 1579.9,732.6 1579.7,766.8 "/>
<polygon id="torre1__8__8ceniza" class="st0" points="1470.4,775.7 1427.8,758.9 1392.5,770.6 1381.2,765.9 1368,771.1 1368,806.8 
	1382.1,800.8 1392.8,806 1430,792.7 1470.6,812.2 1513.3,795.7 1513.3,794 1513.3,760.5 "/>
<polygon id="torre1__8__8ceniza-marker" points="1470.6,809.5 1493.1,800.8 1493.1,767.7 1470.4,775.7 "/>
<polygon id="torre1__8__8roca" class="st0" points="1244.3,855.5 1294.7,836.7 1302.4,841.5 1374.4,814 1374.4,810.7 1368.3,808.4 
	1368,779.2 1301.1,803 1293.9,800.5 1242.5,817.1 1196.7,797.3 1192.2,795.3 1192.2,786.2 1173.6,776.7 1175.1,810.7 1195.7,821.7 
	1196.3,833.2 "/>
<polygon id="torre1__8__8roca-marker" points="1198.6,829.7 1196.7,797.3 1215.2,805.3 1216.8,837.7 "/>
<polygon id="torre1__7__7riolita" class="st0" points="1580,767.7 1513.1,793.3 1512.8,827.7 1580.1,800.5 "/>
<polygon id="torre1__7__7riolita-marker" points="1564.4,773.7 1564.2,807 1580.1,800.5 1580,767.7 "/>
<polyline id="torre1__7__7ceniza" class="st0" points="1513.1,796.6 1470.6,812.9 1430,793.7 1392.8,806.8 1382.1,801.8 
	1368.3,808.4 1374.4,810.7 1374.4,814 1368.3,816.3 1369,842.4 1382.8,837.1 1393.6,844 1430.3,829.9 1470.8,849.8 1512.8,831.4 
	1513.1,796.6 "/>
<polygon id="torre1__6__6riolita" class="st0" points="1579.9,802 1512.8,828.9 1512.6,864 1580.3,837.1 "/>
<polygon id="torre1__6__6riolita-marker" points="1563.9,841.4 1579.9,835.4 1579.9,802 1564.2,808.3 "/>
<polygon id="torre1__6__6ceniza" class="st0" points="1512.8,832.7 1470.9,850.5 1430.3,830.8 1393.6,844.7 1382.8,838 1369,843.4 
	1369.1,846.7 1371.9,848.8 1371.9,852.2 1369.3,853.2 1369.9,877.8 1383.5,871.9 1394.2,879.5 1430.5,864.8 1471.1,884.6 
	1512.5,867.4 "/>
<polygon id="torre1__6__6ceniza-marker" points="1493.1,869.4 1471,879.2 1470.9,850.5 1493.1,841.1 "/>
<polygon id="torre1__6__6ceniza-marker" points="1470.6,812.9 1470.6,846.1 1493.1,837.1 1493.1,804.2 "/>
<polygon id="torre1__7__7roca" class="st0" points="1246.2,893 1296.4,873.4 1303.7,878.4 1371.9,852.2 1371.9,848.8 1369.1,846.7 
	1368.3,816.3 1302.4,841.5 1294.7,836.7 1244.3,855.5 1196,833 1195.8,821.7 1175.1,810.9 1176.7,847.3 1197.7,858.2 1198,868.3 "/>
<polyline id="torre1__7__7roca-marker" points="1216.9,842.7 1199,834.3 1200.7,866.4 1218.6,875.3 1216.9,842.7 "/>
<polygon id="torre1__6__6roca" class="st0" points="1369.3,853.2 1303.7,878.4 1296.4,873.4 1246.2,893 1198,868.3 1197.7,858.2 
	1177.4,847.7 1178.8,883.7 1199.8,895.6 1200,903.5 1247.9,928.1 1297.7,909.3 1304.9,913.5 1373,885.8 1373,884.6 1370,882.2 "/>
<polyline id="torre1__6__6roca-marker" points="1200.9,869.8 1218.7,878.9 1220.3,911.2 1202.6,902.5 "/>
<polygon id="torre1__8__8lahar" class="st0" points="1172.7,776.1 1164.7,778.7 1123.6,759.7 1123.6,757.1 1124.7,756.4 
	1124.7,752.8 1097.3,740.8 1087.6,744.2 1068.7,736 1070.5,770.5 1091.2,780.9 1101.7,777.2 1126.7,790.8 1122.9,793.4 
	1166.2,814.5 1174.3,811.6 "/>
<polygon id="torre1__8__8lahar-marker" points="1144.7,799 1158.2,806.1 1156.6,775 1143.2,768.8 "/>
<polygon id="torre1__7__7lahar" class="st0" points="1166.2,815.3 1122.3,793.5 1126,791 1101.6,777.8 1091.2,781.7 1070.9,771.5 
	1072.9,805.2 1092.8,816.1 1103.1,812.2 1128.9,826.6 1126.2,829.1 1168.7,850.7 1176.2,847.3 1174.3,812.5 "/>
<polygon id="torre1__7__7lahar-marker" points="1160.8,842.3 1146.5,834.9 1145,804.8 1159.1,811.8 "/>
<polygon id="torre1__6__6lahar" class="st0" points="1176.6,847.9 1168.9,851.4 1125.3,829.4 1128.3,826.8 1102.9,813.1 
	1092.7,816.7 1073,806.4 1074.6,839.9 1095.9,851.2 1106.2,846.8 1131.7,861.3 1128.2,864.6 1170.3,886.4 1178.2,883.8 "/>
<polygon id="torre1__6__6lahar-marker" points="1162.8,878.3 1148.3,870.8 1146.8,840.2 1161.1,847.5 "/>
<polygon id="torre1__5__5riolita" class="st0" points="1579.9,838.4 1579.9,870.1 1512.3,897.5 1512.5,865.2 "/>
<polygon id="torre1__5__5riolita-marker" points="1579.9,838.4 1563.9,844.7 1563.8,874.5 1579.9,867.9 "/>
<polygon id="torre1__5__5ceniza" class="st0" points="1512.3,901.6 1471.3,918.9 1430.8,898.5 1394.9,913.2 1384.2,906.7 
	1370.8,912.1 1370.2,887 1373,885.8 1373,884.6 1370,882.2 1369.9,878.5 1383.5,872.8 1394.3,880.5 1430.5,865.9 1471.1,885.7 
	1512.6,868.6 "/>
<polygon id="torre1__5__5ceniza-marker" points="1493.1,876.6 1471.1,885.7 1471.3,913.7 1493.1,904.6 "/>
<polygon id="torre1__5__5roca" class="st0" points="1370.2,887.3 1305,914.1 1297.6,910.1 1247.9,928.9 1199.8,904.3 1199.5,896.2 
	1178.9,884.7 1180.4,918.8 1202,930.9 1202.3,938.8 1249.6,964.2 1299,944.3 1306.2,948.5 1374.2,920.8 1374.2,918.9 1371,916.9 "/>
<polygon id="torre1__5__5roca-marker" points="1204.5,938.3 1222,947.4 1220.4,914.9 1202.8,905.8 "/>
<polygon id="torre1__5__5lahar" class="st0" points="1178.2,884.7 1170.4,887.1 1127.4,864.8 1131.1,861.4 1106.1,847.2 
	1095.9,851.7 1075.8,841.1 1077.1,873.5 1098.2,885.2 1108.3,881.2 1133.2,894.7 1129.7,897.9 1173.7,922.2 1180,919 "/>
<polygon id="torre1__5__5lahar-marker" points="1164.8,913 1150,905.1 1148.5,875.8 1163.1,883.3 "/>
<polygon id="torre1__4__4riolita" class="st0" points="1579.9,870.9 1512.3,898.5 1512,932.7 1579.9,902.9 "/>
<polygon id="torre1__4__4riolita-marker" points="1579.9,900.7 1563.5,908.3 1563.7,877.6 1579.9,870.9 "/>
<polygon id="torre1__3__3riolita" class="st0" points="1579.9,903.6 1512,933.3 1511.8,967.2 1579.9,936.9 "/>
<polygon id="torre1__3__3riolita-marker" points="1579.9,934.3 1563.1,941.7 1563.5,910.8 1579.9,903.6 "/>
<polygon id="torre1__4__4ceniza" class="st0" points="1512,936.2 1471.6,953.4 1431,932.7 1395.6,948.2 1384.8,942.3 
	1371.8,948.2 1371.1,922 1374.2,920.8 1374.2,918.9 1371,916.9 1370.9,912.9 1384.1,907.5 1394.9,914 1430.8,899.4 1471.3,919.7 
	1512.3,902.3 "/>
<polygon id="torre1__4__4ceniza-marker" points="1493.1,910.5 1471.3,919.7 1471.5,948.8 1493.1,939.4 "/>
<polygon id="torre1__3__3ceniza" class="st0" points="1512,936.9 1471.6,954.2 1431,933.6 1395.6,948.8 1384.8,942.9 1371.8,948.8 
	1371.9,952.3 1374.2,953.4 1374.2,956.2 1372.1,957.1 1372.8,982.3 1385.5,977.1 1396.2,982.3 1431.3,967.2 1471.8,988 
	1511.8,970.2 "/>
<polygon id="torre1__4__4ceniza-marker" points="1493.1,973.7 1471.6,983.8 1471.6,954.2 1493.1,945 "/>
<polygon id="torre1__4__4roca" class="st0" points="1371.1,922.6 1306.2,949.1 1299,945.3 1249.7,965 1202.3,939.6 1202,931.7 
	1180.6,919.9 1183.1,955 1204.3,966.5 1204.8,975.3 1251.4,1000.6 1300.9,980.7 1307.4,984.6 1374.2,956.2 1374.2,953.4 
	1371.9,952.3 "/>
<polygon id="torre1__4__4roca-marker" points="1204.7,940.8 1222.2,950.4 1223.7,983 1206.4,973.7 "/>
<polygon id="torre1__3__3roca" class="st0" points="1372.9,986.9 1375.3,988 1375.3,990.4 1308.7,1019.3 1302.1,1015.5 
	1253.1,1036.1 1206.4,1009.1 1205.7,1000.2 1184.9,987.7 1183.4,956.2 1204.3,967.5 1204.9,976.3 1251.4,1001.6 1300.9,981.7 
	1307.5,985.3 1372.1,957.6 "/>
<polygon id="torre1__3__3roca-marker" points="1223.9,986.6 1225.4,1017.5 1208.3,1008.3 1206.6,977.2 "/>
<polygon id="torre1__4__4lahar" class="st0" points="1180,919.7 1173.7,923 1129.7,897.9 1133.2,894.7 1108.3,881.5 1098.2,885.6 
	1077.9,874.4 1079.4,907.7 1100.7,919.5 1111.3,915.3 1136.7,930.6 1133.4,933.9 1175.9,957.4 1182.4,954.2 "/>
<polyline id="torre1__4__4lahar-marker" points="1150.2,909.6 1165.1,918.1 1166.8,947.4 1151.7,939.3 "/>
<polygon id="torre1__3__3lahar" class="st0" points="1182.4,955.5 1175.9,958.3 1132.5,934.5 1135.9,930.8 1111.3,915.9 
	1100.8,920.1 1081,909.3 1082.7,941.7 1103.2,953.1 1113.9,948.5 1138.9,964.1 1136,968.1 1178.1,991.4 1184.2,987.9 "/>
<polygon id="torre1__3__3lahar-marker" points="1152,945.2 1167.2,953.5 1168.8,982.3 1153.4,973.5 "/>
<polygon id="torre1__2__2lahar" class="st0" points="1184.2,989.2 1178.1,992.5 1135.4,968.7 1138.3,964.3 1113.8,949.1 
	1103.2,953.5 1083.7,942.8 1084.9,974.3 1105.7,986 1114.8,982.2 1141.4,997.3 1137.2,1000.6 1178.9,1026.1 1185.1,1021.7 "/>
<path id="torre1__2__2lahar-marker" d="M1155.1,1006.2c0,0,15.7,10,15.7,10.1s-1.6-28.7-1.6-28.7l-15.4-8.6L1155.1,1006.2z"/>
<polygon id="torre1__2__2toba" class="st0" points="1373.1,993.1 1308.7,1020.6 1301.8,1016.6 1253.2,1036.9 1205.9,1010.3 
	1204.8,1000.6 1185.1,988.9 1186,1021.1 1208.3,1034.8 1208.9,1044.8 1254.8,1070.8 1302.6,1049.5 1319.1,1058 1386.1,1028.7 
	1386.1,1026.3 1384.1,1025.7 1384.1,1015.4 1373.5,1011.3 "/>
<polygon id="torre1__2__2toba-marker" points="1225.6,1021.4 1227,1051.9 1210.1,1041.9 1208.5,1011.8 "/>
<polygon id="torre1__1__1arenisca" class="st0" points="1185.1,1022.3 1178.8,1026.9 1136.4,1000.5 1140.3,997.6 1114.7,983.2 
	1105.7,986.8 1087.1,976.5 1087.1,1006 1107.8,1018.2 1116.8,1014.5 1144.2,1029.9 1139.8,1033.8 1178.9,1055.7 1185.1,1050.9 "/>
<polygon id="torre1__1__1arenisca-marker" points="1155.2,1012.2 1156.3,1038.7 1171.7,1048.2 1170.6,1021.9 "/>
<polygon id="torre1__1__1toba" class="st0" points="1186,1022.5 1186,1051.1 1208.1,1064.9 1208.1,1072.7 1258.5,1103.7 
	1268.4,1097 1355.8,1146.6 1492,1083.1 1425.7,1050.8 1425.7,1027.5 1386.1,1008.5 1377,1012.7 1384.1,1015.4 1384.1,1025.7 
	1386.1,1026.3 1386.1,1028.7 1319.1,1058 1302.6,1050.1 1254.7,1071.3 1209,1045.3 1208.4,1036.3 "/>
<polyline id="torre1__1__1toba-marker" points="1227.2,1055.7 1210,1045.9 1211.1,1070.8 1228,1081.4 1227.2,1055.7 "/>
<polygon id="torre1__2__2novara" class="st0" points="1579.9,962.9 1539.3,981.3 1539.3,986.3 1477.9,1015 1448.2,1000.4 
	1408.1,1018.7 1386.1,1008.1 1376.9,1012.3 1373.7,1011.1 1373.3,991.3 1375.3,990.4 1375.3,988 1372.9,986.9 1372.8,982.6 
	1385.5,977.5 1396.2,982.7 1431.3,968.1 1472,988.8 1511.7,971 1511.8,967.7 1579.9,937.9 "/>
<polygon id="torre1__2__2novara-marker" points="1579.9,963.1 1563.1,970.5 1563.3,945.2 1579.9,937.9 "/>
<polygon id="torre1__1__1novara" class="st0" points="1408.4,1018.8 1426,1027.2 1426.1,1050.3 1492.3,1082.8 1622.8,1020.6 
	1605.7,1012.7 1605.7,1007.7 1565.2,988 1579.9,980.6 1579.9,977.7 1564.5,970.5 1539.8,981.5 1539.6,986.5 1477.9,1015.7 
	1448.1,1000.9 "/>
<polygon id="torre1__1__1novara-marker" points="1513.8,1011.9 1529.8,1004.7 1530.2,1023.8 1513.9,1031.3 "/>
</svg>
