<?xml version="1.0" encoding="utf-8"?>
<!-- Generator: Adobe Illustrator 25.2.3, SVG Export Plug-In . SVG Version: 6.00 Build 0)  -->
<svg version="1.1" id="Capa_1" xmlns="http://www.w3.org/2000/svg" xmlns:xlink="http://www.w3.org/1999/xlink" x="0px" y="0px"
	 viewBox="0 0 3000 1688" style="enable-background:new 0 0 3000 1688;" xml:space="preserve">
<style type="text/css">
	.st0{opacity:0.7;}
</style>
<polygon id="torre1__9__vesubio" class="st0" points="1644.9,972.4 1643.8,972.7 1645.6,976.5 1654.8,976.5 1658.4,982.2 
	1799.5,970.4 1799.5,966.5 1895.1,957.8 1906.1,969.8 2050.2,957.8 2050.2,960.5 2047.2,960.5 2045.8,983.9 2038.7,983.9 
	2045.8,991.8 2045.8,993.9 1899.4,1006.8 1896.1,1003.6 1826.9,1008.7 1820.9,1000.2 1793.6,1001.5 1785.1,1002.1 1785.1,1004.4 
	1708.9,1010.5 1707.9,1009.6 1701.2,1009.8 1702.2,1011.6 1702.2,1013.6 1654.1,1016.9 1652.1,1013.8 1644.8,1013.8 1643.4,1011.9 
	1643.4,1004 1623.8,966.7 1620.2,966.7 1610.8,943.4 1610.8,909.2 1620.7,935.6 1626.6,935.6 "/>
<polygon id="torre1__9__vesubio-marker" points="1696.6,979 1662.1,981.9 1661.1,1011 1695.4,1008.5 "/>
<polygon id="torre1__1__1arenisca" class="st0" points="1829.4,1265.2 1829.4,1270.6 1850.5,1304.9 1853.3,1311.5 
	1853.3,1319.6 2033.5,1298.9 2011.1,1269.6 2013.7,1246.1 1922.7,1255.2 1922.2,1261.1 1875.4,1265.7 1872.5,1260.6 "/>
<polygon id="torre1__1__1arenisca-marker" points="2013.7,1246.1 1985.8,1248.9 1982.6,1280.2 2010.6,1277.1 "/>
<polygon id="torre1__8__8lahar" class="st0" points="2041.2,995.8 1945.4,1003.8 1943.5,1036.4 2037.6,1028.5 "/>
<polygon id="torre1__8__8lahar-marker" points="2041.2,995.8 2011,998.3 2007.7,1031 2037.6,1028.5 "/>
<polygon id="torre1__7__7lahar" class="st0" points="2037.6,1029.3 1943.8,1036.9 1945,1039 1944.8,1042 1942,1042.3 
	1939.1,1074.5 2033.5,1065.8 "/>
<polygon id="torre1__7__7lahar-marker" points="2037.6,1029.3 2007.7,1031.8 2004,1068.5 2033.5,1065.8 "/>
<polygon id="torre1__6__6lahar" class="st0" points="2033.4,1066.9 1939,1075.3 1941.1,1077.5 1941.1,1079.8 1938.6,1080.2 
	1935.7,1111 2029.5,1102.9 "/>
<polygon id="torre1__6__6lahar-marker" points="2033.4,1066.9 2003.9,1069.5 2000.2,1105.4 2029.3,1102.4 "/>
<polygon id="torre1__5__5lahar" class="st0" points="2029.3,1104 1935.6,1112.4 1937.2,1113.8 1937.2,1117.3 1935.1,1117.8 
	1932.2,1147.8 2025.5,1139.2 "/>
<polygon id="torre1__5__5lahar-marker" points="2029.3,1104 2000.2,1106.6 1996.6,1141.9 2025.5,1139.2 "/>
<polygon id="torre1__4__4lahar" class="st0" points="2025.3,1140.5 1932.2,1149.3 1934.1,1151.5 1934.1,1153.8 1931.7,1154.5 
	1929,1183.8 2021.6,1174.5 "/>
<polygon id="torre1__4__4lahar-marker" points="2025.3,1140.5 1996.4,1143.2 1993,1177.4 2021.6,1174.5 "/>
<polygon id="torre1__3__3lahar" class="st0" points="2021.4,1175.7 1928.9,1185.3 1930.6,1187.4 1930.5,1190.1 1928.4,1190.4 
	1925.8,1219.6 2017.6,1210.5 "/>
<polygon id="torre1__3__3lahar-marker" points="2021.4,1175.7 1992.8,1178.7 1989.3,1213.3 2017.6,1210.5 "/>
<polygon id="torre1__2__2lahar" class="st0" points="2017.5,1211.7 1925.7,1220.5 1927.4,1223.5 1927.4,1225.8 1925.1,1226.2 
	1922.5,1254.8 2013.7,1245.6 "/>
<polygon id="torre1__2__2lahar-marker" points="2017.5,1211.7 1989.2,1214.4 1985.8,1248.4 2013.7,1245.6 "/>
<polygon id="torre1__8__8magma" class="st0" points="1945.4,1003.8 1943.5,1036.4 1945,1039 1944.8,1042 1896.5,1045.9 
	1893.5,1041.7 1824.9,1047.8 1818.8,1037.8 1791.9,1039.3 1794.1,1001.9 1820.3,1000.8 1827,1009.5 1895.8,1004.3 1899.5,1007.4 "/>
<polygon id="torre1__8__8magma-marker" points="1879.2,1005.5 1845,1008.1 1842.6,1041.9 1876.6,1038.4 "/>
<polygon id="torre1__7__7magma" class="st0" points="1942,1042.5 1896.4,1046.8 1893.2,1042.5 1824.8,1048.3 1818.6,1038.4 
	1791.9,1039.8 1789.7,1076.8 1816.1,1075.3 1822.2,1085.3 1890.1,1079.3 1893.3,1083.5 1941.1,1079.8 1941.1,1077.5 1939.1,1074.5 
	"/>
<polygon id="torre1__7__7magma-marker" points="1876.2,1044 1842.2,1047.1 1839.9,1080.4 1873.6,1076.9 "/>
<polygon id="torre1__6__6magma" class="st0" points="1938.5,1080.6 1893.2,1084.2 1889.9,1079.9 1822.2,1085.9 1815.9,1076 
	1789.7,1077.5 1787.7,1114.5 1813.8,1112.6 1819.5,1122.2 1886.9,1116.8 1890.2,1121.2 1937.2,1117.3 1937.2,1113.8 1935.6,1112.2 
	"/>
<polygon id="torre1__6__6magma-marker" points="1873.2,1081.4 1839.6,1084.4 1837.3,1116.6 1870.6,1114.1 "/>
<polygon id="torre1__5__5magma" class="st0" points="1935.1,1118 1890.2,1121.8 1886.9,1117.7 1819.4,1122.9 1813.7,1113.3 
	1787.7,1115.3 1785.4,1150.9 1811.4,1149.1 1816.6,1159.5 1883.6,1153.1 1887.3,1157.9 1934.1,1153.8 1934.1,1151.5 1932.2,1149.3 
	"/>
<polygon id="torre1__5__5magma-marker" points="1870.3,1119 1837,1121.6 1834.7,1154.6 1867.7,1151.4 "/>
<polygon id="torre1__4__4magma" class="st0" points="1931.7,1154.8 1887.3,1158.5 1883.4,1153.6 1816.6,1160 1811.1,1149.6 
	1785.4,1151.6 1783.3,1187.2 1809,1185.2 1814.5,1195.8 1881.1,1189.2 1884.2,1193.8 1930.5,1190.1 1930.6,1187.4 1928.9,1185.3 "/>
<polygon id="torre1__4__4magma-marker" points="1867.4,1155.1 1834.4,1158.3 1832.2,1190.3 1864.9,1187.3 "/>
<polygon id="torre1__3__3magma" class="st0" points="1928.4,1190.7 1884.2,1194.2 1881.1,1189.7 1814.6,1196.2 1808.9,1185.8 
	1783.3,1187.8 1781.1,1223 1806.6,1221.1 1812.2,1231.2 1877.9,1225.3 1881.1,1230.1 1927.4,1225.8 1927.4,1223.5 1925.7,1220.5 "/>
<polygon id="torre1__3__3magma-marker" points="1864.5,1191.3 1831.9,1194.5 1829.6,1226.4 1862,1223.4 "/>
<polygon id="torre1__2__2magma" class="st0" points="1925.1,1226.6 1881,1230.6 1877.7,1225.6 1812.2,1231.7 1806.5,1221.8 
	1781.1,1224 1780.7,1247 1785.1,1256.6 1803.8,1255.6 1809.5,1266.5 1872.6,1260.2 1875.5,1265.4 1922,1260.7 "/>
<polygon id="torre1__2__2magma-marker" points="1861.7,1227.1 1829.4,1230.1 1827.2,1261.2 1859.3,1258 "/>
<polygon id="torre1__8__8ignis" class="st0" points="1610.6,944.2 1620,967.3 1623.6,967.3 1642.9,1004.4 1642.9,1012.3 
	1644.7,1014.6 1651.8,1014.6 1653.9,1017.8 1702.4,1014.1 1702.4,1011.7 1701.9,1010.6 1785.1,1005.3 1785.1,1002.9 1793.1,1002 
	1790.9,1042.8 1700.2,1050.6 1700.4,1052.4 1652.2,1056 1650.6,1053.2 1643.8,1053.2 1641.9,1050 1641.9,1040 1609.6,977.4 "/>
<polygon id="torre1__8__8ignis-marker" points="1695.1,1014.7 1660.9,1017.2 1659.7,1050.9 1693.7,1048.1 "/>
<polygon id="torre1__7__7ignis" class="st0" points="1790.9,1043.8 1700.7,1051.4 1700.7,1052.8 1652.2,1056.6 1650.2,1053.6 
	1643.7,1053.8 1641.5,1051.1 1641.5,1040.1 1609.6,977.9 1608.6,1010.7 1640.9,1080.4 1640.9,1089.3 1642.1,1091.9 1649.4,1091.9 
	1651.2,1094.4 1697.9,1090.7 1697.9,1088.5 1788.6,1080.1 "/>
<polygon id="torre1__7__7ignis-marker" points="1693.5,1053.3 1659.6,1056.1 1658.4,1089.7 1692.1,1086.3 "/>
<polygon id="torre1__6__6ignis" class="st0" points="1788.4,1081.1 1698.2,1089 1698.2,1091.1 1651.1,1095 1649.2,1092.5 
	1642,1092.5 1640.6,1089.9 1640.6,1080.6 1608.6,1012.1 1607.6,1047.2 1640,1118 1640,1127.1 1641.5,1128.9 1648.1,1128.9 
	1650.1,1131.7 1696.9,1127.6 1696.9,1125.4 1786.5,1117.5 "/>
<polygon id="torre1__6__6ignis-marker" points="1691.9,1091.6 1658.2,1094.4 1657.1,1127.1 1690.5,1124 "/>
<polygon id="torre1__5__5ignis" class="st0" points="1786.4,1118.2 1697.1,1126.3 1697.1,1128.1 1650.1,1132.4 1648,1129.4 
	1641.5,1129.4 1639.8,1127.4 1639.8,1118.2 1607.5,1048.1 1606.5,1081.4 1638.9,1154.9 1638.9,1163.3 1640.1,1166.2 1646.9,1166.2 
	1648.6,1168.8 1694.9,1164.5 1694.9,1162.5 1784,1153.9 "/>
<polygon id="torre1__5__5ignis-marker" points="1690.3,1128.8 1656.9,1131.8 1655.8,1164.6 1688.9,1161.3 "/>
<polygon id="torre1__4__4ignis" class="st0" points="1784,1154.7 1695.4,1163.2 1695.4,1165.4 1648.5,1169.8 1646.7,1167.1 
	1640,1167.1 1638.6,1163.4 1638.6,1155.1 1606.5,1082.4 1605.5,1116.3 1638,1191.4 1638,1200.2 1639.2,1202.1 1645.5,1202.1 
	1648,1204.8 1693.6,1200.7 1693.6,1198.2 1782,1190.3 "/>
<polygon id="torre1__4__4ignis-marker" points="1688.7,1166 1655.6,1169.1 1654.5,1200.5 1687.4,1197 "/>
<polygon id="torre1__3__3ignis" class="st0" points="1781.8,1191.2 1694,1199 1694,1201.2 1648,1205.8 1645.3,1202.7 
	1639.1,1202.7 1637.7,1200.5 1637.7,1191.6 1605.5,1117.3 1604.5,1149.8 1636.6,1227.5 1636.6,1235.3 1638,1238.1 1644.4,1238.1 
	1646.4,1240.9 1691.9,1237.1 1691.9,1233.9 1779.5,1225.8 "/>
<polygon id="torre1__3__3ignis-marker" points="1687.2,1201.9 1654.4,1205.1 1653.2,1237 1685.9,1233.2 "/>
<polygon id="torre1__2__2ignis" class="st0" points="1779.4,1226.6 1692.3,1234.5 1692.3,1237.6 1646.3,1241.9 1644.2,1238.9 
	1637.9,1238.9 1636.1,1235.8 1636.1,1227.5 1604.5,1150.9 1603.5,1184.6 1612.7,1208.4 1614.5,1208.4 1627.3,1223.6 1626.6,1240.2 
	1635.5,1261.6 1635.5,1269.7 1636.8,1273.1 1643.7,1273.1 1645.1,1275.9 1687.2,1272.1 1694.3,1287.9 1789.1,1278.1 1786.8,1274.1 
	1786.8,1262.2 1779.6,1246.5 "/>
<polygon id="torre1__2__2ignis-marker" points="1653.1,1241.2 1685.6,1238.2 1684.2,1267.9 1652.1,1270.6 "/>
<polygon id="torre1__1__1obsidiana" class="st0" points="1626.1,1241.4 1626.1,1271.5 1570.1,1276.6 1579.3,1306.9 
	1634.3,1301.9 1648.2,1340.4 1852.9,1319.9 1852.9,1311.9 1850.2,1305.4 1829.1,1270.9 1829.1,1265.2 1809.6,1267.1 1803.5,1256.5 
	1785.4,1257.2 1787.4,1262.1 1787.4,1273.9 1789.8,1278.2 1694.2,1288.6 1686.8,1272.6 1645,1276.2 1643.5,1273.3 1636.6,1273.5 
	1635.1,1269.8 1635.1,1261.7 "/>
<polygon id="torre1__1__1obsidiana-marker" points="1651,1302.5 1683,1299.6 1684.2,1272.9 1651.9,1275.6 "/>
</svg>
